7349607843
9869422291
9875680089
8754442279
9311549989
9555811429
7985638485
6362094870
7842348693
8076029088
8096395365
7995733999
6363912749
9900295669
6362808411
9019753703
9453033290
9330296095
9305735463
9611061490
9526939370
8340561558
9392631461
9502654036
9905213205
7592095933
8420542778
7975575079
8850181728
6360472992
9606500293
8287431081
7061039991
8712770049
9845092641
8747010000
8800374316
7666169858
7794815384
7386651551
9701191071
8918839115
9712344759
7518205875
8800652508
9903206634
8961129408
8800047180
8408944930
9999596266
9954209026
9084699652
9588669928
9031862159
6305196453
9172435046
9921457857
8448379673
8303528752
7814519672
9411704880
7451996530